20
9073 6694 2028 1707
-1729 7932 3750 -6265
-8755 293 -7250 -8209
9578 -4203 529 3152
-3289 -7148 -7280 2213
8798 -5001 5065 9272
6728 9237 2743 -2301
2430 5852 -4389 -7433
-8280 4045 3703 -4990
6990 -1706 -5672 1000
-5512 -7722 -5026 2844
-7753 -5437 5803 -4980
-8072 6035 3413 -3760
-8771 1970 6196 -7728
-6373 -2475 8651 6450
3390 2758 8379 5468
-9895 170 2842 7899
5745 7347 -5064 2888
-3735 -1803 1507 4720
5111 3334 7275 712
-3781 9148 -1642 -7038
7552 9820 -5927 -5646
-2730 1641 -4804 -4798
-4981 3747 -7538 2113
5172 6449 -8512 -193
-3360 -9600 -8763 2444
5816 1150 7089 -1051
1581 -834 6107 -437
-9116 -1393 9841 9818
-464 -8817 36 373
-3212 -5922 -8776 8269
-2931 -6318 6529 3660
-8016 -3974 2940 -2539
2809 3561 1297 6422
2290 1773 9973 -6792
3556 5694 -3635 -8898
5561 6347 6313 -8838
-2174 -7712 -2732 -2856
8399 5210 3462 -5124
-4149 5034 3300 -6797
-6619 9124 -9777 4715
5917 -1846 1139 -1289
9638 5638 -5005 4070
8688 1439 -7155 -5758
-9747 -2639 -2886 -2834
-3955 5525 1127 -9812
-135 6380 6052 -5325
6889 9405 -4991 -6237
9803 3040 -6978 -4241
-9701 -5467 -7644 250
3065 252 -9668 -4945
8225 3189 7996 5189
6186 -5590 -8379 8621
5556 8519 2551 -7195
6636 -3837 -7471 -7960
6303 -709 8404 4686
-7460 -5777 -9296 5906
1076 6231 -3515 9037
2153 8776 1559 3819
4284 439 -2509 4475
7318 3853 9526 -7262
-9614 4141 -7779 -8032
-5283 3151 5378 8820
-1459 -7957 -6979 -2575
-7312 -136 7941 6390
-5002 4884 918 222
6085 -2780 8616 -5836
8159 -4298 -9125 -609
6419 1032 -1122 239
-6729 -9562 4541 -8882
9642 -7104 -8511 -3772
8658 -5365 7001 3302
-3879 3179 2049 9558
-2282 9076 6545 4002
6601 4110 2650 3890
8128 1487 8340 -1067
501 5617 -9889 -4818
7637 -746 -4951 2974
3773 -8024 9752 -988
-5415 972 1304 6236
5002 8545 9233 2356
-3044 6795 -6435 -9370
9329 9519 1558 7849
6718 568 3294 9199
-9536 1560 2200 -3424
-6142 7856 -6172 6298
7349 413 5960 7848
4359 -2408 -7491 -9108
3988 8318 8105 -2526
2048 9240 6438 -3172
9065 -6016 4055 9436
-2420 -7008 -4532 -6622
-2080 -8622 9489 -6214
-7061 -6110 6902 5883
7486 7801 5652 2842
1769 -154 157 -5610
9485 -5674 273 9223
-5583 847 444 -120
9220 -5862 -6268 -8510
5874 -2369 -9466 -7809
4609 -3302 -4059 3700
-8104 -7764 -5465 7397
-4364 411 6329 -1292
4535 9967 8910 -5320
8779 8090 8309 -7090
-3823 -4886 7560 1669
-4145 72 -4645 9912
9302 -6477 -5867 -3302
-3603 6232 -2331 1483
-3343 -7107 -9073 2771
-800 4206 -3688 -5617
5621 -6295 -4110 -2642
1489 7302 -70 2409
-6586 7775 5049 9417
-5838 -3897 -5236 -4604
1714 4224 7282 6524
-3897 5360 -815 2572
-7731 -8172 6756 2442
8027 6578 1711 -7705
-3044 6147 -3163 -7678
-3372 -2147 9502 7311
5744 -2210 -9780 5983
-1174 6778 -9604 5770
8213 -8437 -2802 4222
-3853 7287 -53 -7475
-1062 7816 -8789 -541
-3784 4043 7097 6384
3318 -5776 -5370 6527
-3693 121 5243 -6689
6550 -6418 -3278 3578
-8495 -6428 6621 -2668
8983 -7020 6952 882
8996 -6977 5251 5204
-6674 2183 -238 -3019
9104 -4167 -6569 -6412
1462 -5025 4012 -3311
2520 -548 2990 -5737
5643 -4700 -6594 3754
9836 -861 5279 2658
7061 -5155 3943 -2107
1705 5967 6842 -7044
-3251 -7009 -2227 -7008
-1949 -9956 1844 -6311
5220 -253 3696 283
-4322 -2494 -51 4209
-8825 -5812 1524 -3117
4024 -6518 -6711 5566
-5857 -8791 2269 -8782
5661 -9536 -6467 -5908
-3856 -3747 -7967 -67
4860 -5723 -9335 -5561
8046 1283 460 479
7061 -3872 -8195 7536
6691 -662 -3234 7906
-6212 -9878 1264 -4159
-9216 -9482 900 -1323
5415 5824 -8254 3516
-4535 -7717 7949 -3301
-8692 -5021 6469 4673
-9284 -7778 4542 -7482
2902 6624 5753 4616
4943 6508 -3446 1698
819 1439 -934 2519
5143 -8299 1025 -8518
7855 6051 9973 -7084
-1485 4704 -5246 900
5564 4778 9399 -4978
3739 27 -5713 8673
-19 -1724 7049 3048
8748 9231 -6094 -3404
-4331 -5127 -7236 9394
-7161 8697 7471 -9040
-6343 1726 9359 8639
-8257 6001 338 -8919
-7307 196 1660 8906
-8046 -4112 4866 4983
-9783 4632 -3352 9763
-3508 -5771 -3086 7339
9449 -1409 -1388 7615
1319 7989 -2356 -4916
-655 7584 -5996 115
-486 -5607 1639 2557
925 -7723 500 450
-4292 4506 9353 3558
-37 6045 2224 -7207
-3417 -9228 2753 8872
-3487 -4933 6795 9862
1915 5124 -3801 3256
-9266 -655 2755 7287
-8087 -3876 9507 199
-2046 -7486 6349 6148
-1385 -6300 4480 -258
6824 -4299 3850 7150
-1557 3065 -3941 -5132
-7994 4799 -6856 -4501
-7235 -59 2998 2264
-1640 -994 8734 7530
-8734 -5249 -5193 7041
-8053 7755 7530 -9876
-7442 7897 -687 2588
