15
100
1994 9981 1380 4490 1475 778 2525 8718 5245 1786 3751 9774 8957 6495 5374 2220 4477 2411 7057 7012 1868 9749 3159 3686 282 6849 3847 9022 5699 8972 5092 5383 2600 2186 9297 8872 7989 4114 7122 8970 9692 2414 7982 6632 5023 5228 277 2761 7647 2147 4550 4558 4079 3508 1658 423 4249 8558 8604 3870 3890 2182 1430 9443 3196 1986 4712 7752 5878 4059 5195 4482 681 5264 2190 9561 9319 9916 9500 3966 269 730 169 8976 2398 629 4286 1148 470 8550 6951 6381 364 3086 7387 4135 3456 3387 5000 4451
7379 9271 150 3672 2664 6788 6626 6237 7500 7097 6263 538 324 8597 4117 6121 9673 4214 2751 8953 9399 9962 5506 6164 8124 5445 4239 7270 7727 5711 2613 7480 5206 7326 4909 9581 2100 3962 90 1359 5389 4190 8262 8139 367 6716 1469 3431 1599 2416 1613 3273 2511 7514 3575 453 8575 3717 7480 831 789 3276 3194 5350 6343 183 1379 6735 637 6039 9525 2294 6608 2317 9834 4335 6066 1312 7446 185 653 6108 5298 991 3592 3362 1670 8499 4480 6009 6441 7732 4975 6687 1477 8418 2140 2305 7941 9413
100
8830 3801 9009 153 1778 5757 5454 5533 8533 4703 6430 8071 465 8489 747 9571 8211 1391 6210 3597 5370 8062 1253 1027 9462 1224 5132 1998 9827 1192 8591 893 1033 6319 4908 4262 9699 6565 3516 7773 10000 8632 2378 8698 5733 6124 4715 8670 7827 5587 7169 1163 7859 1585 8438 5098 4704 6186 8325 1553 2991 8105 1728 2420 5711 7627 620 7537 9919 1666 1681 9501 7395 7905 4025 8235 4174 7447 9096 3487 1988 3477 2749 1395 9992 3004 1097 7464 8059 2695 1929 9345 9940 6383 6776 5002 9137 3137 9444 2852
8514 9049 2299 5738 3471 8758 8573 9922 2895 6176 9026 5458 1493 7332 7339 1899 4939 4191 682 5255 2329 674 2194 9620 9262 1945 4777 2927 5641 8587 8678 7007 3611 7877 7370 2736 3900 3860 7686 4750 613 5699 4981 6134 5937 5483 3772 8318 8804 377 9038 9954 1950 1193 7386 1648 5183 4482 939 3574 7420 3451 7801 5981 9927 2234 519 7450 1555 1923 6290 1586 6063 9241 449 9233 9118 6936 4902 7720 6482 7123 1837 6145 6788 384 5754 7361 9369 405 407 7131 3408 7192 7904 3714 4215 4345 813 5253
100
4492 4808 1320 6342 9797 1552 3356 9055 5128 6063 6374 6889 9860 7057 4317 7195 2208 9062 969 2636 7922 6028 7434 2659 1505 9341 6550 1861 2782 9345 4278 4785 2320 4008 9547 4184 6505 877 606 9537 497 1924 2283 2547 7165 9704 212 9605 2573 3703 769 4681 8810 5104 4497 3110 7161 8700 8678 1577 6264 1680 3736 1983 7040 5792 3580 4808 7854 8363 8568 1003 9544 5910 6933 1397 5833 2800 883 9504 5349 6777 116 4141 9682 3886 1793 4017 2094 2878 2634 5116 9421 60 1123 1564 5203 3034 9057 1001
202 6837 8862 6633 124 1963 1249 3500 5610 3115 9563 7323 5686 6424 3560 5107 7353 8602 7270 7322 8620 951 3835 812 17 3440 5041 9462 2606 5739 9923 3302 5327 2566 1932 8124 9591 4772 8428 4645 3880 7391 4634 8564 8046 649 2903 3357 4274 9185 4753 8348 669 2188 6494 9003 2622 2392 8909 503 5907 8597 4071 4331 5053 8620 5422 3385 1004 7533 6134 2341 6260 8308 7557 9246 7725 7829 8253 7030 4028 7712 7341 4269 9348 3908 3433 4279 7319 2033 3754 8834 5400 3555 2580 3982 5455 4769 8927 4337
422 6803 9088 1263 910 5050 2378 6 7910 9701 6685 3386 1607 5796 201 4985 6388 3120 1587 5789 8884 9866 2274 6388 2497 1185 6106 7276 8646 382 2852 4539 2818 3634 8301 107 6868 1214 1098 6063 9262 1069 1382 3335 80 5578 2179 2850 4473 4349 5267 5475 1894 4935 8348 5990 2698 8745 313 3915 8879 4876 4193 1702 7322 5707 4565 312 3473 3001 9729 1314 1859 506 6417 3603 6213 128 9895 9963 964 7827 7038 4909 6909 7010 3207 4887 1089 7499 5534 8290 8843 8559 1884 2821 169 4686 6214 808
100
3030 3477 5003 4535 8499 7 1221 5822 7082 1548 3866 9878 526 2116 2258 7082 9657 9381 497 4657 9787 5534 3861 4241 2158 3845 4145 1207 1900 8018 252 8457 26 520 6112 6274 8934 5020 8065 4258 2798 2840 790 9080 9560 7449 7231 7698 5903 3911 5199 6173 5783 8968 5156 7540 1289 8958 3530 2703 6858 9120 8100 745 1966 10000 4664 9217 5328 1985 4895 1830 2474 6000 8928 675 1364 7673 8589 5104 6270 4501 7342 3379 502 3074 614 2762 6668 6215 6465 3527 6600 864 7061 2075 6151 9825 9294 5125
7175 4441 6383 5948 8930 6086 640 2836 2198 4856 6553 5590 877 6074 1286 4113 1983 7767 5608 5510 6598 8276 1745 309 7747 1946 7836 2934 2819 1207 2161 3983 6696 8565 7369 800 1296 8242 180 8336 2815 5722 1951 4092 525 99 7763 3893 6506 4017 4790 761 3589 8534 2392 5062 9568 2111 3699 1435 2162 5358 9708 3855 5706 455 3582 2213 8811 4784 6116 9064 2476 8619 9901 1940 8212 647 6154 9812 3052 2944 267 9283 8519 5507 8972 1451 9673 4449 9641 4135 7132 1410 7399 6005 4036 7473 8924 5701
100
1695 5147 5479 4526 1194 7664 4846 9914 2450 2872 4066 5470 2745 9046 2708 8788 1900 3390 8600 9555 5706 9047 875 2004 195 3847 803 8798 7655 6971 8990 7250 3472 7828 1045 3661 2535 5328 9170 3062 7031 7250 700 7122 201 5697 8677 3715 1954 4020 8936 7790 6508 5407 8178 7469 6748 5174 7565 7639 3937 365 7715 4970 4327 6332 8572 4147 3747 3173 6134 8781 4623 2541 7306 5607 3520 3163 4265 8537 6880 3192 709 1555 7960 1723 408 8519 79 3360 3507 5979 8839 9776 2091 781 9862 9183 2488 6553
6520 2256 6989 2647 3170 3365 7088 3833 7227 5536 2074 3215 195 5804 8493 4207 5694 1046 5157 2954 3817 8043 2801 9878 7468 4015 2373 5600 7835 9505 4586 7620 1361 374 4822 2427 7394 8173 5622 1559 4449 2131 5415 8532 5391 3223 5172 975 129 4433 337 6545 2843 4208 9646 5761 8557 4740 2892 9142 181 9349 4255 2363 5882 7730 9112 2316 6101 2539 381 2204 4067 2227 3450 2394 4103 4664 422 5961 9277 8498 6157 9584 2548 971 4425 5407 2290 5137 5611 8289 6585 153 31 3240 6363 3326 9955 9822
100
6843 1067 7063 6738 4365 9581 5215 3467 3295 3642 7104 3305 3008 8139 1567 3115 7940 2146 6182 2495 7741 5127 9451 869 4504 213 1462 2407 8716 4510 4563 6876 1336 7665 4032 1666 8500 5584 6785 9904 1878 5703 9303 1011 5783 422 5024 6861 8874 5137 3635 876 9154 9860 4198 2735 5983 5975 9293 7911 7841 827 727 7080 9184 392 1282 8457 9958 5245 3793 5850 9935 15 206 5711 7658 4207 5779 7902 7567 302 8425 3472 8999 6627 5891 7433 2777 8472 7514 2719 6063 8167 2252 7846 8891 4082 6139 3334
5158 2283 6371 6946 4999 2690 3944 2705 8554 2281 3889 7341 7498 1747 8980 9674 5873 6348 1589 5111 7204 4158 1513 3362 9035 2889 9415 9150 7218 1721 686 7447 384 7675 7191 9856 492 1910 5354 2463 7507 6168 8215 5711 4290 7923 8166 4715 4113 5484 81 119 1390 7805 3015 7210 6383 645 7779 3247 586 9795 832 5677 9118 2808 9075 3216 3201 1254 6785 6980 8023 8099 1545 6905 2729 8974 4022 5279 5474 7526 9960 6202 7311 9132 5622 2872 2164 9268 349 1873 2883 408 2395 4296 5343 1335 9615 1633
100
9712 2478 4940 5718 4811 5763 9173 3015 2087 8081 3659 7204 5951 5417 5791 1865 9116 9251 8111 7326 2011 9097 686 9189 5876 9759 8818 569 1889 7586 9981 9245 3824 7801 1406 9914 3630 8192 2845 9389 7384 6603 9586 2068 9 5611 7687 7984 8818 255 4111 1655 3837 553 1560 9973 9157 2779 2820 1900 1611 4142 5448 4097 9199 1147 2609 282 2268 5573 8993 3567 5009 6427 4428 3781 8717 2797 3889 393 4139 5940 5977 8736 1204 3020 9753 6916 6512 1322 3783 2094 1265 6252 5170 135 4845 2833 1218 6380
9082 6810 9436 5525 9470 3974 4712 606 136 7109 779 3083 8724 7069 993 7587 511 65 3288 5990 5810 1762 3520 7320 7568 4001 1532 6009 3263 1354 3762 1065 9516 2205 7551 1110 1386 6793 5926 6196 8103 1447 8057 3420 4651 2073 8966 6903 735 5576 7845 9467 5763 9855 8527 3243 6794 2583 3916 8234 1001 8367 5926 5521 7067 562 5190 9577 7315 9774 4116 2036 5407 6203 1333 8181 7643 8302 3975 8174 507 2520 224 155 6441 9929 3117 8582 3052 3083 4004 6075 5065 1682 6136 5602 2947 7284 3564 6662
100
536 7258 8946 8108 694 7477 8990 4112 5618 1538 223 688 7773 991 5447 4833 8160 1914 9727 6512 4818 8052 3139 8296 3699 4333 6947 5862 8391 2563 2286 6652 2501 7613 856 1118 5093 7368 5054 4796 6161 8941 4186 9679 499 9553 522 3340 5632 1405 7745 9013 6987 7332 6683 824 6503 611 779 6899 846 8091 824 5582 1084 8941 8983 380 8106 4461 3228 6989 5642 5108 1491 5958 3459 3094 2921 2827 5337 400 3546 1930 3997 2756 2326 3941 1262 3515 3712 3758 6230 2472 9278 2352 4874 8336 6896 2728
5550 5335 4237 3423 3787 1630 5678 8664 4427 1097 3776 3915 7902 7713 8619 6948 3026 9612 4604 2773 8223 3685 3233 1292 3771 7605 9017 7037 7859 2587 395 7864 1611 2354 8533 8159 6482 6457 9248 7701 6757 8515 8649 6420 9602 3072 9125 8656 3968 6953 9330 6407 2772 2805 7524 6460 7830 1957 134 5805 6815 2257 3274 5898 3914 4626 8664 4839 2163 7023 6597 6637 7362 6414 6971 1638 7129 4914 4855 2456 8109 8034 9719 3657 5027 477 9688 3307 6476 2186 3079 1348 9176 9658 4113 3496 1791 3168 3434 3354
100
9112 5166 4896 8974 8750 3102 3750 3013 4994 8345 5590 9705 6220 4348 7595 6070 7965 294 8776 2557 1587 523 2748 1233 3757 923 1371 3635 303 6864 3093 188 6766 4875 7231 9358 5613 1115 466 2543 7966 3076 361 4472 3439 2892 6164 8321 4339 553 5533 1283 2741 2372 508 4483 2108 4499 3627 5904 688 5917 2395 7313 2152 4767 806 8189 949 6374 8003 3974 9881 2765 7108 7379 2820 445 4782 6586 3054 5492 2815 941 6593 6060 7228 8754 7581 8678 5927 3493 3966 9227 5299 7147 7777 6339 9539 2839
189 7190 9000 5588 6347 886 4172 2689 6457 5069 6775 9652 8361 5916 874 722 7582 6587 6492 9984 9378 8742 3618 9690 1611 6627 299 4541 6549 4724 8275 2447 551 8824 4166 1927 7783 7998 628 2965 156 6370 9436 82 471 8947 7777 1099 7907 7007 2608 5445 1176 4609 3001 8269 5400 6463 8040 2251 3107 1090 2356 874 3776 9599 6124 6662 4697 4490 3932 2140 9213 3669 5336 3022 1984 3471 8512 6253 4272 6351 8355 9786 3450 2082 543 8163 6285 4008 7570 3152 1381 816 6966 9508 4804 5054 8362 8263
100
7134 6142 4186 2867 4189 9507 95 9985 3816 987 5090 1388 9302 5265 9187 9568 2159 9924 2036 9575 6413 7995 548 5046 2875 1191 8586 389 271 138 7547 4484 1587 5891 1914 8478 1717 7129 7389 4653 6704 9959 550 4785 6373 3995 9261 2093 3847 7665 7029 128 8443 1356 4270 949 7525 3052 5246 9308 8977 9296 105 2075 3689 8100 4348 4701 8576 2182 4845 7463 7274 1178 7872 5443 4416 4755 4308 3120 569 6496 9542 6681 1508 1181 634 492 2523 4408 4099 5282 2982 7862 4772 8736 8958 9250 3028 8560
7702 1467 5104 6124 3040 9748 5248 947 336 3451 471 5459 394 6777 7315 6108 832 6304 3417 2086 6471 9765 5989 896 765 3847 4151 8033 510 807 5571 8342 5834 552 6668 2723 2067 8824 9657 7113 5154 391 8270 7570 6306 3562 6114 4762 6245 8213 99 7368 692 224 5476 2327 6486 9500 1136 7761 3213 5984 9828 9362 2595 5793 1742 4798 2895 8700 530 5600 1032 5412 1375 1920 9647 1472 5273 7276 1168 8226 9700 63 7677 9669 660 3891 1900 6417 300 5664 7632 8059 4018 5612 9935 6942 7069 4873
100
3511 4213 7810 6987 9927 2581 4350 3751 2486 2181 8479 9697 3309 5086 9624 9640 1737 10 9035 1969 9728 3592 3967 892 2893 4965 8447 6611 8161 8064 9413 719 8163 7656 9545 7736 9484 3791 1229 1953 7539 5559 7360 315 7451 9897 9003 5938 5520 2417 8357 7574 815 5656 9120 7115 3844 2229 8427 7973 1785 6345 4874 2235 4022 4234 7339 7849 5695 9412 3286 738 7718 5827 7255 5316 8092 3812 3291 2735 1860 8220 3877 2940 9690 602 1560 7215 4214 6760 4815 4799 7595 6163 4387 4097 5506 1910 850 7786
2332 981 1948 4488 6140 2120 7609 842 7322 8870 8028 8562 8784 8134 270 2981 3185 5537 3779 8375 9124 2281 3550 1433 3387 6759 9777 3302 4246 8182 414 2790 3122 7246 3226 9022 8491 4950 7072 2769 9879 6013 1478 2756 5068 2629 2321 1800 9231 1894 2250 7648 7212 6564 8583 4124 7091 1180 6949 7755 231 9168 446 2258 1748 9182 5044 6245 7093 11 8966 4996 7052 6876 5651 5791 7000 7369 9104 3733 897 3815 5008 2808 5596 3188 508 2029 489 388 3381 4066 1776 2331 4390 9545 109 3916 3783 3339
100
2390 3528 5717 1585 8846 4500 5883 9096 3866 8271 9005 267 1684 1528 7076 647 8067 3999 8499 8316 9871 7592 9591 9314 5679 6308 6118 3740 8410 963 6600 3873 555 3813 1730 1125 7988 90 6881 7432 2491 278 8152 4730 4986 6040 740 4944 3803 8053 9851 88 2306 6840 9671 7841 6022 6961 7670 4460 1113 9849 8339 3795 8807 538 392 9040 1155 1791 6509 8376 2876 9421 6688 4183 4148 5283 472 8718 3806 5104 3853 8343 4464 9091 3136 7663 7510 3000 9177 7606 6126 5486 7276 2687 1716 6931 784 5996
6270 6798 6369 3454 4748 9484 6196 805 17 785 4737 3399 6692 9019 8691 3301 1693 8072 49 4088 5017 1402 9247 8737 1046 7537 9975 4034 1967 5919 5004 9938 5674 5363 7085 6805 5360 181 3302 5518 6339 9324 6013 7792 5934 3277 648 2304 1426 3548 1510 9664 4334 867 4071 5935 8012 8367 619 3003 1644 7607 4329 134 4636 4525 3984 6724 9878 9465 9074 6879 4722 7241 4971 2077 3437 5905 1156 2738 8687 9618 2180 3100 1671 5153 1991 4448 1160 8884 842 2416 4178 7086 5820 7384 7961 193 8555 598
100
4943 6499 8665 1687 1443 8349 8415 3475 8223 6244 8525 4173 6289 1325 6565 2589 2357 1033 9223 6069 6375 6066 9039 9312 2899 2116 7863 401 5986 805 1469 1730 1587 9817 2717 7251 7939 9569 7842 3291 7842 3036 1920 7560 6689 3651 167 4068 68 2896 8849 1637 543 1187 1432 7710 4458 8071 4876 3748 891 4825 1764 8684 107 4941 1937 9670 5266 1999 699 9757 8599 3551 906 5149 3002 6341 6733 6323 1044 4276 6905 3389 6337 6335 790 5043 2474 7496 7563 7887 6324 7638 1843 4091 9783 4979 3123 6881
9295 8734 9385 6658 4775 2513 692 5540 8398 5011 3523 4455 5559 4997 1534 8237 739 8751 6777 1538 7540 4851 311 6784 546 8182 879 6835 6990 5772 5887 4395 8766 8499 1952 9335 1924 4228 3250 4345 1808 9037 9372 9966 6923 6497 1242 7329 8784 8931 5962 98 2374 3477 7875 6567 8730 9165 1063 6432 2517 3606 3245 5761 6000 7609 4777 7434 8420 8720 5002 6234 5983 4821 4758 2271 4850 236 9328 2912 5836 1577 1557 304 4170 8622 5207 1054 5198 8648 1400 6677 1994 5134 3918 9032 3758 1071 3278 8300
100
2976 7470 9198 553 7086 9003 7633 9674 3146 7428 4163 8425 2151 5157 1950 7374 3468 4451 6678 2936 2988 8690 6197 5502 4157 5513 3634 4210 4415 3255 8704 2177 9563 4734 4634 7748 9359 1708 4631 6583 3671 2025 3367 4291 6353 796 5343 9040 4839 7687 7130 5616 298 7832 9084 3805 8251 3387 1121 245 8790 7723 175 6644 5866 147 982 835 4788 5877 1561 2739 1265 2244 6289 2459 693 1921 4936 6114 9038 5791 1023 3616 950 2915 9218 9567 6634 2393 5109 6831 5572 6830 4165 9578 3977 1795 5500 8657
5691 1830 5364 9382 3761 2723 2869 4071 5582 362 1150 553 5865 3791 6312 9904 4720 5996 7963 102 6628 2402 6545 5643 8093 8215 514 2740 9660 6192 8706 6268 1202 3696 6605 2574 3476 408 9975 7387 3750 6968 6675 6171 3484 5321 1310 6021 402 1097 6993 1444 3720 1953 6006 8950 5557 1828 2394 6285 1887 2094 5591 8388 6626 2227 2341 3183 607 1577 5067 3187 7307 1117 3671 4161 8154 9547 2458 4040 7312 5194 5161 5506 5646 5516 2222 3406 4236 3889 7695 6884 10 685 6770 7837 8247 17 6858 1714
100
1225 6481 6100 4536 3995 3506 2874 4701 1496 360 5939 359 203 30 7721 4375 7338 4201 7612 1092 8052 4685 499 6172 6430 6632 9264 7574 6973 9766 9389 6432 3039 1180 4809 9678 3531 1699 6441 6307 1791 1669 5361 9707 1963 6773 9142 324 9271 456 5732 4984 6313 9045 5105 823 1345 7878 4156 1006 7657 9865 4697 8220 8111 8705 6058 2639 6061 8441 3214 898 2412 542 7901 429 1395 192 6127 6844 9155 7759 4011 1547 4945 2768 1152 6966 8099 7268 5521 1484 4805 1547 449 1710 739 3624 8837 4018
5691 1830 5364 9382 3761 2723 2869 4071 5582 362 1150 553 5865 3791 6312 9904 4720 5996 7963 102 6628 2402 6545 5643 8093 8215 514 2740 9660 6192 8706 6268 1202 3696 6605 2574 3476 408 9975 7387 3750 6968 6675 6171 3484 5321 1310 6021 402 1097 6993 1444 3720 1953 6006 8950 5557 1828 2394 6285 1887 2094 5591 8388 6626 2227 2341 3183 607 1577 5067 3187 7307 1117 3671 4161 8154 9547 2458 4040 7312 5194 5161 5506 5646 5516 2222 3406 4236 3889 7695 6884 10 685 6770 7837 8247 17 6858 1714
